2014/11/11 10:21 Spatial Short-Trem Memory Task data
ID Trial Score RT NumDot
  1  1  6 3.213 3
  1  2  4 2.047 2
  1  3  8 4.446 6
  1  4 11 6.019 6
  1  5 10 3.190 5
  1  6  4 1.570 2
  1  7  8 2.665 4
  1  8  4 2.588 3
  1  9  7 3.379 5
  1 10  5 2.711 4
  1 11 10 2.753 5
  1 12  4 1.972 2
  1 13  8 3.449 5
  1 14  8 2.929 4
  1 15 12 2.654 6
  1 16  7 3.243 6
  1 17  8 2.433 4
  1 18  4 1.652 2
  1 19  7 3.227 4
  1 20  6 1.723 3
  1 21 10 2.700 5
  1 22  8 2.661 5
  1 23 11 3.070 6
  1 24  6 1.684 3
  1 25  4 1.519 2
  1 26  4 1.605 2
  1 27  6 1.814 3
  1 28  6 2.613 4
  1 29  6 1.946 3
  1 30 11 4.745 6

------------------------------------------

Dot Res Trasf-Res Ans Score InTrial#
1    5  6    9  8    9  8   2 1
2    3  4    7  6    7  6   2 1
3    5  2    9  4    9  4   2 1
1    7  4    7  4    7  4   2 2
2    9  4    9  4    9  4   2 2
1    2  7    3  7    3  7   2 3
2    7  3    8  3    7  3   1 3
3    5  2    6  2    6  2   2 3
4    8  8    9  8    9  7   1 3
5    4  9    5  9    2  9   0 3
6    8  5    9  5    9  5   2 3
1    5  8    5  7    5  7   2 4
2    2  6    2  5    2  5   2 4
3    5  6    5  5    5  5   2 4
4    2  8    2  7    2  7   2 4
5    6  6    6  5    6  5   2 4
6    4  5    4  4    3  4   1 4
1    6  9    6  9    6  9   2 5
2    8  7    8  7    8  7   2 5
3    7  7    7  7    7  7   2 5
4    6  7    6  7    6  7   2 5
5    4  7    4  7    4  7   2 5
1    5  5    5  5    5  5   2 6
2    9  6    9  6    9  6   2 6
1    9  2    9  2    9  2   2 7
2    7  4    7  4    7  4   2 7
3    7  3    7  3    7  3   2 7
4    6  2    6  2    6  2   2 7
1    4  6    4  6    4  6   2 8
2    4  4    4  4    4  3   1 8
3    8  6    8  6    9  7   1 8
1    5  6    4  5    4  5   2 9
2    7  9    6  8    7  9   1 9
3    8  6    7  5    8  6   1 9
4    4  8    3  7    2  8   1 9
5    5  3    4  2    4  2   2 9
1    5  3    5  3    5  3   2 10
2    6  8    6  8    6  8   2 10
3    4  4    4  4    3  4   1 10
4    8  5    8  5    8  7   0 10
1    9  4    9  4    9  4   2 11
2    9  2    9  2    9  2   2 11
3    8  2    8  2    8  2   2 11
4    8  3    8  3    8  3   2 11
5    9  5    9  5    9  5   2 11
1    2  7    2  7    2  7   2 12
2    3  2    3  2    3  2   2 12
1    5  5    5  5    5  5   2 13
2    7  8    7  8    7  8   2 13
3    3  6    3  6    3  6   2 13
4    7  6    7  6    7  7   1 13
5    4  4    4  4    4  5   1 13
1    4  6    4  6    4  6   2 14
2    2  4    2  4    2  4   2 14
3    2  6    2  6    2  6   2 14
4    4  5    4  5    4  5   2 14
1    8  6    8  6    8  6   2 15
2    6  6    6  6    6  6   2 15
3    5  5    5  5    5  5   2 15
4    7  6    7  6    7  6   2 15
5    9  6    9  6    9  6   2 15
6    7  7    7  7    7  7   2 15
1    4  2    4  2    4  2   2 16
2    5  8    5  8    6  8   1 16
3    4  4    4  4    5  5   1 16
4    3  8    3  8    3  8   2 16
5    9  5    9  5    9  2   0 16
6    3  5    3  5    4  6   1 16
1    7  8    7  8    7  8   2 17
2    5  8    5  8    5  8   2 17
3    4  7    4  7    4  7   2 17
4    6  6    6  6    6  6   2 17
1    8  5    8  5    8  5   2 18
2    7  3    7  3    7  3   2 18
1    7  7    7  7    7  7   2 19
2    5  6    5  6    4  6   1 19
3    8  7    8  7    8  7   2 19
4    2  7    2  7    2  7   2 19
1    3  7    3  7    3  7   2 20
2    2  7    2  7    2  7   2 20
3    3  6    3  6    3  6   2 20
1    6  7    5  7    5  7   2 21
2    8  5    7  5    7  5   2 21
3   10  7    9  7    9  7   2 21
4   10  6    9  6    9  6   2 21
5   10  5    9  5    9  5   2 21
1    2  9    2  9    2  9   2 22
2    5  9    5  9    5  9   2 22
3    9  6    9  6    8  7   1 22
4    5  2    5  2    4  2   1 22
5    5  5    5  5    5  5   2 22
1    5  2    5  2    5  2   2 23
2    7  2    7  2    7  2   2 23
3    5  4    5  4    5  4   2 23
4    7  3    7  3    7  3   2 23
5    6  5    6  5    6  5   2 23
6    3  7    3  7    4  7   1 23
1    7  7    7  7    7  7   2 24
2    8  9    8  9    8  9   2 24
3    7  8    7  8    7  8   2 24
1    3  7    3  7    3  7   2 25
2    5  5    5  5    5  5   2 25
1    9  8    9  8    9  8   2 26
2    2  3    2  3    2  3   2 26
1    8  4    8  4    8  4   2 27
2    4  8    4  8    4  8   2 27
3    6  5    6  5    6  5   2 27
1    5  6    5  6    5  6   2 28
2    8  3    8  3    8  3   2 28
3    8  7    8  7    9  7   1 28
4    3  3    3  3    2  3   1 28
1    2  7    2  7    2  7   2 29
2    9  6    9  6    9  6   2 29
3    5  9    5  9    5  9   2 29
1    8  9    8  9    8  9   2 30
2    7  8    7  8    7  8   2 30
3    7  7    7  7    7  7   2 30
4    6  9    6  9    6  9   2 30
5    5  7    5  7    5  7   2 30
6    2  5    2  5    3  5   1 30